# {"id":"BLDG_0003000b005c8618","idOriginal":"BLDG_0003000b005c8618","origin":[13.388252768609398,52.52682509270653],"elevation":34.439998626709}
# Longitude: 13.388252768609398
# Latitude: 52.52682509270653
# Elevation: 34.439998626709

# File produced by Open Asset Import Library (http://www.assimp.sf.net)
# (assimp v3.1.0)

mtllib BLDG_0003000b005c8618.obj.mtl

# 22 vertex positions
v  1.40011 21.06 18.1428
v  7.2466 21.06 6.36539
v  0.531517 21.06 6.88341
v  8.11519 21.06 17.6247
v  6.71553 21.06 -0.518697
v  0.000449577 21.06 -0.000666239
v  18.5403 21.06 -1.43089
v  25.1253 21.06 -1.93885
v  19.0713 21.06 5.4532
v  25.6564 21.06 4.94521
v  19.9398 21.06 16.7126
v  26.5249 21.06 16.2046
v  18.5398 8.7576e-17 -1.43022
v  0 0 0
v  25.1249 1.1868e-16 -1.93818
v  26.5244 -9.92287e-16 16.2053
v  1.39966 -1.11096e-15 18.1434
v  0.531067 -4.21528e-16 6.88407
v  19.9394 -1.02339e-15 16.7132
v  19.0708 -3.33953e-16 5.45386
v  8.11474 -1.07924e-15 17.6254
v  7.24615 -3.89808e-16 6.36605

# 0 UV coordinates

# 27 vertex normals
vn 0 1 0
vn -0.0769148 -2.98996e-05 -0.997038
vn -0.0769095 -2.51559e-05 -0.997038
vn -0.0769134 -2.98987e-05 -0.997038
vn 0 -1 0
vn 0.997038 -2.37437e-05 -0.076909
vn 0.997038 -2.36043e-05 -0.0769088
vn 0.997038 -2.37485e-05 -0.0769091
vn -0.997038 2.37174e-05 0.0769158
vn -0.997038 2.37129e-05 0.0769158
vn -0.997038 2.37135e-05 0.0769158
vn 2.96059e-16 1 3.70074e-17
vn 0.0769083 2.98697e-05 0.997038
vn 0.0769086 2.99605e-05 0.997038
vn -0.997038 2.37433e-05 0.076909
vn -0.997038 2.37415e-05 0.076909
vn 0.0769152 2.9873e-05 0.997038
vn 0.0769152 2.98747e-05 0.997038
vn 0.997038 -2.36948e-05 -0.0769158
vn 0.997038 -2.37229e-05 -0.0769158
vn 0.0769143 2.9893e-05 0.997038
vn 0 -1 -6.12323e-17
vn 2.81905e-23 -1 -6.12323e-17
vn -0.998053 0 0.0623783
vn 6.26443e-24 -1 -6.12323e-17
vn 0 -1 -6.12323e-17
vn 0 -1 -1.66533e-16

# Mesh 'defaultobject' with 40 faces
g defaultobject
usemtl DefaultMaterial
f  1//1 2//1 3//1
f  2//1 1//1 4//1
f  3//1 5//1 6//1
f  5//1 3//1 7//1
f  7//1 3//1 8//1
f  8//1 3//1 2//1
f  8//1 2//1 9//1
f  8//1 9//1 10//1
f  10//1 9//1 11//1
f  10//1 11//1 12//1
f  6//2 13//2 14//2
f  13//2 6//2 15//3
f  15//3 6//2 8//4
f  8//5 6//5 5//5
f  8//5 5//5 7//5
f  8//6 16//6 15//6
f  16//6 8//6 10//7
f  16//6 10//7 12//8
f  14//9 3//9 6//9
f  3//9 14//9 1//10
f  1//10 14//9 17//11
f  17//12 14//12 18//12
f  16//13 11//13 19//13
f  11//13 16//13 12//14
f  20//15 11//15 9//15
f  11//15 20//15 19//16
f  21//17 1//17 17//17
f  1//17 21//17 4//18
f  22//19 4//19 21//19
f  4//19 22//19 2//20
f  20//21 2//21 22//21
f  2//21 20//21 9//21
f  16//22 13//22 15//22
f  13//22 16//22 19//23
f  13//24 19//24 20//24
f  17//25 22//25 21//25
f  20//26 14//26 13//22
f  14//26 20//26 22//25
f  14//26 22//25 17//25
f  14//26 17//25 18//27

