# {"id":"DEB_LOD2_UUID_6787d57b-9100-4371-b45d-aabcee268bf3","idOriginal":"DEB_LOD2_UUID_6787d57b-9100-4371-b45d-aabcee268bf3","origin":[13.338491369916506,52.50747014468636],"elevation":33.25}
# Longitude: 13.338491369916506
# Latitude: 52.50747014468636
# Elevation: 33.25

# File produced by Open Asset Import Library (http://www.assimp.sf.net)
# (assimp v3.1.0)

mtllib DEB_LOD2_UUID_6787d57b-9100-4371-b45d-aabcee268bf3.obj.mtl

# 28 vertex positions
v  10.964 5.75 -3.025
v  8.364 6.44164e-17 -1.052
v  8.364 5.75 -1.052
v  10.964 1.85228e-16 -3.025
v  0 5.75 3.52086e-16
v  3.58 5.75 -0.137
v  3.706 5.75 -2.812
v  4.925 5.75 6.49
v  4.949 5.75 -1.175
v  5.833 5.75 2.832
v  10.74 5.75 2.078
v  9.892 5.75 0.961
v  9.31 5.75 0.194
v  11.298 5.75 -0.105
v  13.148 5.75 2.332
v  14.341 5.75 1.426
v  3.706 1.72185e-16 -2.812
v  4.949 7.1948e-17 -1.175
v  9.31 -1.18791e-17 0.194
v  11.298 6.4294e-18 -0.105
v  9.892 -5.88443e-17 0.961
v  3.58 8.38883e-18 -0.137
v  5.833 -1.7341e-16 2.832
v  13.148 -1.42794e-16 2.332
v  14.341 -8.73173e-17 1.426
v  10.74 -1.27241e-16 2.078
v  0 0 0
v  4.925 -3.97398e-16 6.49

# 0 UV coordinates

# 25 vertex normals
vn -0.604501 0 -0.796605
vn 0 1 0
vn 0.796425 0 -0.604738
vn -0.796458 0 0.604694
vn 0.604163 0 0.796861
vn 0.796607 0 -0.604498
vn -0.604427 0 -0.796661
vn -0.796496 0 0.604644
vn 0.604796 0 0.796381
vn 0.796478 0 -0.604667
vn 0 -1 -6.12323e-17
vn 3.74789e-24 -1 -6.12323e-17
vn -2.76777e-25 -1 -6.12323e-17
vn 9.68053e-24 -1 -6.12323e-17
vn 0 -1 -6.12323e-17
vn 2.16238e-24 -1 -6.12323e-17
vn 0 -1 -6.12323e-17
vn -2.592e-24 -1 -6.12323e-17
vn 2.96642e-24 -1 -6.12323e-17
vn 5.77509e-24 -1 -6.12323e-17
vn -0.7966 0 0.604507
vn 0.60444 0 0.79665
vn -0.604462 0 -0.796634
vn 0.796659 0 -0.60443
vn 0.604183 0 0.796846

# Mesh 'defaultobject' with 52 faces
g defaultobject
usemtl DefaultMaterial
f  1//1 2//1 3//1
f  2//1 1//1 4//1
f  5//2 6//2 7//2
f  6//2 5//2 8//2
f  7//2 6//2 9//2
f  8//2 10//2 6//2
f  10//2 8//2 11//2
f  10//2 11//2 12//2
f  10//2 12//2 13//2
f  13//2 1//2 3//2
f  1//2 13//2 12//2
f  1//2 12//2 14//2
f  1//2 14//2 15//2
f  1//2 15//2 16//2
f  9//3 17//3 7//3
f  17//3 9//3 18//3
f  3//4 19//4 13//4
f  19//4 3//4 2//4
f  12//5 20//5 14//5
f  20//5 12//5 21//5
f  10//6 22//6 6//6
f  22//6 10//6 23//6
f  13//7 23//7 10//7
f  23//7 13//7 19//7
f  14//8 24//8 15//8
f  24//8 14//8 20//8
f  15//9 25//9 16//9
f  25//9 15//9 24//9
f  11//10 21//10 12//10
f  21//10 11//10 26//10
f  27//11 17//11 22//11
f  18//12 22//11 17//11
f  27//11 22//11 28//13
f  23//14 28//13 22//11
f  26//15 28//13 23//14
f  21//16 26//15 23//14
f  19//17 21//16 23//14
f  2//18 4//18 19//17
f  21//16 19//17 4//18
f  20//19 21//16 4//18
f  25//17 20//19 4//18
f  24//20 20//19 25//17
f  5//21 28//21 8//21
f  28//21 5//21 27//21
f  8//22 26//22 11//22
f  26//22 8//22 28//22
f  7//23 27//23 5//23
f  27//23 7//23 17//23
f  16//24 4//24 1//24
f  4//24 16//24 25//24
f  6//25 18//25 9//25
f  18//25 6//25 22//25

